

[58, 39, 75, 11, 61, 66, 44, 89, 73, 5]
[58, 39, 11, 75, 61, 66, 44, 89, 73, 5]
[58, 39, 11, 61, 75, 66, 44, 89, 73, 5]
[58, 39, 11, 61, 66, 75, 44, 89, 73, 5]
[58, 39, 11, 61, 66, 44, 75, 89, 73, 5]
[58, 39, 11, 61, 66, 44, 75, 73, 89, 5]
[58, 39, 11, 61, 66, 44, 75, 73, 5, 89]
[39, 58, 11, 61, 66, 44, 75, 73, 5, 89]
[39, 11, 58, 61, 66, 44, 75, 73, 5, 89]
[39, 11, 58, 61, 44, 66, 75, 73, 5, 89]
[39, 11, 58, 61, 44, 66, 73, 75, 5, 89]
[39, 11, 58, 61, 44, 66, 73, 5, 75, 89]
[11, 39, 58, 61, 44, 66, 73, 5, 75, 89]
[11, 39, 58, 44, 61, 66, 73, 5, 75, 89]
[11, 39, 58, 44, 61, 66, 5, 73, 75, 89]
[11, 39, 44, 58, 61, 66, 5, 73, 75, 89]
[11, 39, 44, 58, 61, 5, 66, 73, 75, 89]
[11, 39, 44, 58, 5, 61, 66, 73, 75, 89]
[11, 39, 44, 5, 58, 61, 66, 73, 75, 89]
[11, 39, 5, 44, 58, 61, 66, 73, 75, 89]
[11, 5, 39, 44, 58, 61, 66, 73, 75, 89]
[5, 11, 39, 44, 58, 61, 66, 73, 75, 89]


[87, 91, 52, 67, 6, 24, 3, 75, 61, 79]
[87, 52, 91, 67, 6, 24, 3, 75, 61, 79]
[87, 52, 67, 91, 6, 24, 3, 75, 61, 79]
[87, 52, 67, 6, 91, 24, 3, 75, 61, 79]
[87, 52, 67, 6, 24, 91, 3, 75, 61, 79]
[87, 52, 67, 6, 24, 3, 91, 75, 61, 79]
[87, 52, 67, 6, 24, 3, 75, 91, 61, 79]
[87, 52, 67, 6, 24, 3, 75, 61, 91, 79]
[87, 52, 67, 6, 24, 3, 75, 61, 79, 91]
[52, 87, 67, 6, 24, 3, 75, 61, 79, 91]
[52, 67, 87, 6, 24, 3, 75, 61, 79, 91]
[52, 67, 6, 87, 24, 3, 75, 61, 79, 91]
[52, 67, 6, 24, 87, 3, 75, 61, 79, 91]
[52, 67, 6, 24, 3, 87, 75, 61, 79, 91]
[52, 67, 6, 24, 3, 75, 87, 61, 79, 91]
[52, 67, 6, 24, 3, 75, 61, 87, 79, 91]
[52, 67, 6, 24, 3, 75, 61, 79, 87, 91]
[52, 6, 67, 24, 3, 75, 61, 79, 87, 91]
[52, 6, 24, 67, 3, 75, 61, 79, 87, 91]
[52, 6, 24, 3, 67, 75, 61, 79, 87, 91]
[52, 6, 24, 3, 67, 61, 75, 79, 87, 91]
[6, 52, 24, 3, 67, 61, 75, 79, 87, 91]
[6, 24, 52, 3, 67, 61, 75, 79, 87, 91]
[6, 24, 3, 52, 67, 61, 75, 79, 87, 91]
[6, 24, 3, 52, 61, 67, 75, 79, 87, 91]
[6, 3, 24, 52, 61, 67, 75, 79, 87, 91]
[3, 6, 24, 52, 61, 67, 75, 79, 87, 91]


[25, 42, 87, 87, 29, 67, 94, 71, 88, 19]
[25, 42, 87, 29, 87, 67, 94, 71, 88, 19]
[25, 42, 87, 29, 67, 87, 94, 71, 88, 19]
[25, 42, 87, 29, 67, 87, 71, 94, 88, 19]
[25, 42, 87, 29, 67, 87, 71, 88, 94, 19]
[25, 42, 87, 29, 67, 87, 71, 88, 19, 94]
[25, 42, 29, 87, 67, 87, 71, 88, 19, 94]
[25, 42, 29, 67, 87, 87, 71, 88, 19, 94]
[25, 42, 29, 67, 87, 71, 87, 88, 19, 94]
[25, 42, 29, 67, 87, 71, 87, 19, 88, 94]
[25, 29, 42, 67, 87, 71, 87, 19, 88, 94]
[25, 29, 42, 67, 71, 87, 87, 19, 88, 94]
[25, 29, 42, 67, 71, 87, 19, 87, 88, 94]
[25, 29, 42, 67, 71, 19, 87, 87, 88, 94]
[25, 29, 42, 67, 19, 71, 87, 87, 88, 94]
[25, 29, 42, 19, 67, 71, 87, 87, 88, 94]
[25, 29, 19, 42, 67, 71, 87, 87, 88, 94]
[25, 19, 29, 42, 67, 71, 87, 87, 88, 94]
[19, 25, 29, 42, 67, 71, 87, 87, 88, 94]
